73
63
58
15
68
70
30
58
15
29
30
15
68
58
26
25
15
73
63
58
15
21
29
70
44
58
73
30
15
1
44
27
58
25
73
63
58
15
63
70
6
58
61
30
15
30
22
58
58
73
25
15
0
6
26
15
30
70
15
0
68
58
15
61
70
27
75
73
63
70
27
15
0
68
58
15
45
61
15
44
70
21
58
15
0
6
26
15
29
15
0
45
15
73
63
29
6
58
43
29
15
26
68
58
22
15
73
63
58
58
15
73
70
15
45
61
15
21
0
44
58
6
73
29
6
58
49
73
63
58
15
44
70
73
15
22
0
30
15
39
0
30
73
15
0
6
26
15
73
63
58
6
15
29
15
26
68
58
22
25
0
6
26
15
31
70
68
73
27
6
58
15
30
0
29
26
15
29
73
15
30
63
70
27
26
15
1
58
15
61
70
27
75
